123456788012 01022019 VickeyMickey 200001020111 KamleshPatel 200001020099 9999.90
1234567880121 20042019 VickeyMickey 200001020111 KamleshPatel 200001020099 9999.90
123456788013 20042019 VickeyMickey 200001020111 NanyaNewton 200001020099 9999.90
123456788014 20042019 VickeyMickey 200001020111 KamleshPatel 200001020099 9999.90
123456788015 20042019 VickeyMickey 200001020111 KamleshPatel 200001020099 9999.9000
123456789012 22042019 VickeyMickey 200001020111 KamleshPatel 200001020099 9999.90
123456789013 12042019 VickeyMickey 200001020111 KamleshPatel 200001020099 9999.90
123456789014 22042019 VickeyMickey 200001020111 NanyaNewton 200001020009 9999.90
123456789015 22042019 VickeyMickey 200001020111 KamleshPatel 200001020099 9999.90
123456789016 12042019 VickeyMickey 200001020111 KamleshPatel 200001020099 9999.9000
123456789017 14012018 MadhuraSen 389076354876 VickeyMickey 200001020111 2098.00
123456789018 22042019 JyotiGupta 374656458790 MadhuraSen 389076354876 7438.00
123456789019 22012019 MadhuraSen 389076354876 JyotiGupta 374656458790 567.00
123456789020 22112010 KamleshPatel 200001020099 SidSharma 475847587948 6453.98
123456789113 22082000 SidSharma 878766232332 VickeyMickey 200001020111 3654.99
123456789114 09082000 SidSharma 878766232332 MadhuraSen 389076354876 6743.00
123456789115 08082007 SnehaGiranje 377682323477 NanyaNewton 200001020009 666.06
123456789116 30042009 JyotiGupta 374656458790 MadhuraSen 389076354876 1000.00
123456789117 08071999 YashGupta 123788787786 VedSehgal 678364872437 2533.00
123456789118 08081997 SnehaGiranje 377682323477 SidSharma 475847587948 1666.00
123456789119 23102000 KamleshPatel 200001020099 SnehaGiranje 377682323477 6453.98
123456789120 14012018 MadhuraSen 389076354876 SnehaGiranje 377682323477 2298.00
123456789111 08071999 YashGupta 123788787786 NanyaNewton 200001020009 3435.55
123456789112 20111995 VedSehgal 678364872437 JyotiGupta 374656458790 8888.08
123456789121 20111995 VedSehgal 678364872437 VickeyMickey 200001020111 34734.00
1234567891221 23101997 SaurabhKale 345687436587 NanyaNewton 200001020009 1111.11
123456789123 11022015 ShalDesai 486782348767 YashGupta 123788787786 9811.00
123456789123345 11012008 MadhuraSen 389076354876 SidSharma 475847587948 3333.00
123456789024 29052011 SaritaChauhan 234427476324 ShalDesai 486782348767 121.2100
123456789025 29122010 KamleshPatel 200001020099 VickeyMickey 200001020111 6453.98
123456789026 08082007 SnehaGiranje 377682323477 NanyaNewton 200001020009 60.00
123456789027 17032019 NanyaNewton 200001020009 SaritaChauhan 234427476324 1001.00
123456789028 24022016 SaritaChauhan 234427476324 VedSehgal 678364872437 2221.21
123456789029 09082000 SidSharma 878766232332 YashGupta 123788787786 3939.39
123456789030 20082003 JyotiGupta 374656458790 SaurabhKale 345687436587 9999.00
123456789031 20111995 VedSehgal 678364872437 SnehaGiranje 377682323477 6766.00
123456789032 22042019 HarshNayak 574637453854 SaurabhKale 345687436587 80.00
123456789033 08111996 YashGupta 123788787786 ShalDesai 486782348767 333.33
123456789034 14012018 MadhuraSen 389076354876 SidSharma 878766232332 2299.90
123456789035 09082012 SidSharma 878766232332 MadhuraSen 389076354876 6777.00
123456789036 10122011 ShalDesai 486782348767 KamleshPatel 200001020099 10.00
123456789037 14012018 MadhuraSen 389076354876 HarshNayak 574637453854 600.00
123456789038 14012017 HarshNayak 574637453854 SaurabhKale 345687436587 8080.80
123456789039 20012015 VedSehgal 678364872437 YashGupta 123788787786 6767.67
123456789040 14012017 HarshNayak 574637453854 KamleshPatel 200001020099 9999.90